0.525
0.689266
0.683616
0.689622
0.643019
0.579724
0.582097
0.566432
0.711964
0.532463
0.618615
0.626988
0.528916
0.573715
0.628293
0.64561
0.615881
0.612432
0.6157
0.571339
0.590178
0.657166
0.699403
0.576768
0.596941
0.5409
0.666617
0.536809
0.627157
0.533454
0.758192
0.647431
0.67322
0.584112
0.669742
0.612535
0.550947
0.620558
0.592778
0.531171
0.620317
0.653776
0.550682
0.578182
0.645837
0.622129
0.564443
0.658696
0.555158
0.566245
0.547461
0.722939
0.586797
0.645443
0.726934
0.558129
0.617426
0.578036
0.591841
